사용년월,insum0,insum1,insum2,insum3,insum4,insum5,insum6,insum7,insum8,insum9,insum10,insum11,insum12,insum13,insum14,insum15,insum16,insum17,insum18,insum19,insum20,insum21,insum22,insum23,outsum0,outsum1,outsum2,outsum3,outsum4,outsum5,outsum6,outsum7,outsum8,outsum9,outsum10,outsum11,outsum12,outsum13,outsum14,outsum15,outsum16,outsum17,outsum18,outsum19,outsum20,outsum21,outsum22,outsum23,diff0,diff1,diff2,diff3,diff4,diff5,diff6,diff7,diff8,diff9,diff10,diff11,diff12,diff13,diff14,diff15,diff16,diff17,diff18,diff19,diff20,diff21,diff22,diff23
201901,330,88,22,10,42,326,412,870,1794,1124,822,667,911,1002,858,993,1346,1586,1554,936,758,780,861,593,1176,542,209,135,146,643,572,718,1375,1340,1218,1345,1493,1770,1854,2110,2549,2810,3610,3278,2268,2470,2448,1976,846,454,187,125,104,317,160,-152,-419,216,396,678,582,768,996,1117,1203,1224,2056,2342,1510,1690,1587,1383
201902,331,62,17,14,33,350,398,757,1511,954,718,686,829,836,904,889,1116,1244,1340,892,734,718,724,593,1082,461,178,141,126,445,514,587,1365,1131,1148,1174,1360,1588,1726,2008,2433,2443,3011,2729,2058,2001,2028,1638,751,399,161,127,93,95,116,-170,-146,177,430,488,531,752,822,1119,1317,1199,1671,1837,1324,1283,1304,1045
201903,345,92,35,19,60,472,495,1193,2045,1242,856,745,1045,1034,999,1102,1677,2015,1828,1131,988,1008,1022,750,1231,595,276,190,213,618,676,815,1792,1867,1484,1320,1583,1720,1899,2151,2664,3068,3619,3424,2545,2484,2497,2057,886,503,241,171,153,146,181,-378,-253,625,628,575,538,686,900,1049,987,1053,1791,2293,1557,1476,1475,1307
201904,342,108,21,9,64,407,557,1202,2226,1192,878,724,987,998,1044,1085,1574,1791,1623,1156,941,1079,928,797,1215,601,239,221,184,600,663,873,1815,1955,1521,1369,1641,1775,1913,2171,2697,2969,3559,3378,2499,2363,2431,1989,873,493,218,212,120,193,106,-329,-411,763,643,645,654,777,869,1086,1123,1178,1936,2222,1558,1284,1503,1192
201905,376,111,24,23,41,482,501,1197,2108,1211,893,743,1000,1094,1104,1209,1543,1878,1789,1231,1079,1159,997,818,1492,685,246,245,140,594,686,856,1804,1881,1604,1496,1613,1861,1955,2282,2619,3048,3726,3260,2559,2598,2646,2130,1116,574,222,222,99,112,185,-341,-304,670,711,753,613,767,851,1073,1076,1170,1937,2029,1480,1439,1649,1312
201906,382,98,27,27,57,445,449,1135,1889,1142,806,842,1002,984,1013,1126,1500,1633,1637,1075,993,1072,948,703,1296,644,224,198,174,553,585,819,1639,1579,1441,1399,1561,1786,1926,2193,2486,2720,3389,3055,2372,2313,2547,2119,914,546,197,171,117,108,136,-316,-250,437,635,557,559,802,913,1067,986,1087,1752,1980,1379,1241,1599,1416
201907,363,106,21,23,53,435,439,1239,1964,1088,819,773,945,1063,1017,1020,1300,1500,1520,1083,947,1007,1055,661,1407,580,242,225,160,579,597,900,1535,1263,1278,1223,1587,1727,1922,2142,2565,2803,3499,3249,2500,2520,2619,2140,1044,474,221,202,107,144,158,-339,-429,175,459,450,642,664,905,1122,1265,1303,1979,2166,1553,1513,1564,1479
201908,352,83,28,27,56,414,461,1017,1818,1113,879,747,929,966,925,1046,1337,1442,1510,1067,844,980,953,661,1345,611,278,227,135,607,666,777,1518,1214,1259,1259,1520,1655,1837,2137,2515,2695,3441,3175,2415,2328,2569,2112,993,528,250,200,79,193,205,-240,-300,101,380,512,591,689,912,1091,1178,1253,1931,2108,1571,1348,1616,1451
201909,341,98,23,17,47,343,444,1123,1842,1146,818,778,891,977,1055,1211,1508,1629,1599,1041,913,1141,983,679,1365,585,250,219,101,575,624,767,1697,1752,1275,1304,1533,1764,2003,2316,2640,2861,3255,2969,2364,2283,2440,1865,1024,487,227,202,54,232,180,-356,-145,606,457,526,642,787,948,1105,1132,1232,1656,1928,1451,1142,1457,1186
201910,416,85,21,16,63,409,576,1259,2185,1310,900,932,1209,1256,1132,1297,1795,1976,1825,1230,1028,1181,1069,784,1473,699,242,201,110,661,757,845,2049,1932,1426,1367,1666,1993,2153,2286,2934,3317,3704,3538,2517,2538,2687,2022,1057,614,221,185,47,252,181,-414,-136,622,526,435,457,737,1021,989,1139,1341,1879,2308,1489,1357,1618,1238
201911,424,80,28,22,82,436,475,1164,2214,1236,887,851,1172,1226,1190,1252,1872,2074,1919,1228,1050,1173,1106,748,1497,792,295,184,184,593,770,773,1863,1866,1510,1477,1736,1914,2102,2381,2877,3239,3873,3368,2406,2478,2712,2152,1073,712,267,162,102,157,295,-391,-351,630,623,626,564,688,912,1129,1005,1165,1954,2140,1356,1305,1606,1404
201912,435,105,28,20,64,366,500,1032,1985,1082,913,950,1138,1172,1225,1361,1706,1969,1800,1113,1100,1105,1031,753,1524,857,318,248,134,585,622,743,1713,1611,1349,1470,1646,1958,2084,2383,2862,3280,3627,3191,2461,2521,2733,2086,1089,752,290,228,70,219,122,-289,-272,529,436,520,508,786,859,1022,1156,1311,1827,2078,1361,1416,1702,1333
202001,387,60,24,17,30,355,436,812,1813,1066,863,831,971,1013,1048,1006,1289,1484,1686,1017,936,856,974,631,1250,630,237,151,148,513,585,644,1496,1291,1101,1204,1418,1703,1947,2092,2532,2792,3227,3025,2147,2050,2174,1733,863,570,213,134,118,158,149,-168,-317,225,238,373,447,690,899,1086,1243,1308,1541,2008,1211,1194,1200,1102
202002,318,75,32,13,50,336,482,875,1765,1004,756,677,861,973,903,929,1139,1379,1599,990,836,807,923,609,995,516,221,117,76,523,541,539,1468,1158,952,1131,1191,1425,1575,1668,1975,2345,2976,2797,1911,1873,1918,1395,677,441,189,104,26,187,59,-336,-297,154,196,454,330,452,672,739,836,966,1377,1807,1075,1066,995,786
202003,246,58,18,19,65,370,545,929,1633,669,520,556,629,716,739,810,1111,1311,1420,1028,725,712,765,475,723,387,182,85,80,537,533,446,1132,1015,867,862,1088,1170,1308,1558,1930,2131,2852,2540,1687,1577,1608,1069,477,329,164,66,15,167,-12,-483,-501,346,347,306,459,454,569,748,819,820,1432,1512,962,865,843,594
202004,260,56,33,9,74,403,518,1000,1551,718,535,667,741,783,812,819,1262,1318,1383,932,698,780,768,515,817,360,156,105,93,418,507,493,1160,932,900,992,1222,1335,1567,1613,1978,2353,2727,2384,1725,1717,1735,1227,557,304,123,96,19,15,-11,-507,-391,214,365,325,481,552,755,794,716,1035,1344,1452,1027,937,967,712
202005,285,47,26,16,61,467,562,1104,1639,860,695,725,961,1038,886,997,1341,1643,1599,959,940,907,853,571,935,374,192,120,70,423,563,534,1258,983,974,1119,1291,1433,1749,1887,2310,2570,2893,2688,1897,1898,1941,1398,650,327,166,104,9,-44,1,-570,-381,123,279,394,330,395,863,890,969,927,1294,1729,957,991,1088,827
202006,294,58,28,15,88,477,530,1320,1676,961,722,729,975,933,810,1060,1431,1585,1660,993,947,971,961,597,974,425,169,100,64,465,551,644,1453,1079,1047,1152,1361,1453,1675,1841,2204,2588,2996,2665,1907,1866,1996,1347,680,367,141,85,-24,-12,21,-676,-223,118,325,423,386,520,865,781,773,1003,1336,1672,960,895,1035,750
202007,306,70,39,19,50,451,506,1367,1769,1058,748,714,976,1030,911,1128,1602,1745,1713,979,1031,925,951,642,1139,511,212,105,90,512,628,714,1559,1119,1119,1138,1432,1621,1690,1919,2287,2669,3171,2921,2028,2019,2112,1470,833,441,173,86,40,61,122,-653,-210,61,371,424,456,591,779,791,685,924,1458,1942,997,1094,1161,828
202008,264,42,27,11,48,407,488,1017,1501,968,695,680,934,820,816,979,1206,1575,1618,924,872,855,703,598,881,435,158,94,59,397,574,665,1346,987,1062,1048,1387,1341,1530,1750,2086,2246,2925,2698,1818,1920,1798,1263,617,393,131,83,11,-10,86,-352,-155,19,367,368,453,521,714,771,880,671,1307,1774,946,1065,1095,665
202009,206,33,12,10,39,351,448,1114,1333,825,620,677,716,885,808,912,1295,1561,1439,899,814,885,642,464,790,323,88,66,50,439,496,635,1440,914,953,1068,1373,1456,1614,1808,2141,2430,2668,2603,1863,1803,1519,948,584,290,76,56,11,88,48,-479,107,89,333,391,657,571,806,896,846,869,1229,1704,1049,918,877,484
202010,310,57,14,13,37,413,525,1167,1517,883,728,733,943,1030,969,1097,1473,1730,1542,888,843,909,789,564,992,528,164,102,65,476,554,636,1444,1072,1081,1091,1304,1548,1786,1843,2258,2514,2855,2565,1841,1855,1992,1326,682,471,150,89,28,63,29,-531,-73,189,353,358,361,518,817,746,785,784,1313,1677,998,946,1203,762
202011,306,73,16,5,41,421,634,1563,1981,1070,988,1027,1340,1304,1324,1557,1946,2272,1992,1270,1122,1399,1043,697,929,475,168,76,81,432,629,818,1746,1182,1217,1340,1552,1828,1957,2234,2563,2635,3281,2821,2047,2238,2153,1318,623,402,152,71,40,11,-5,-745,-235,112,229,313,212,524,633,677,617,363,1289,1551,925,839,1110,621
202012,129,29,6,7,32,359,475,945,1482,857,702,678,776,903,830,1003,1170,1473,1371,770,661,857,465,341,473,184,60,64,51,330,471,642,1253,928,899,978,1200,1407,1521,1753,1986,2111,2567,2220,1656,1903,1177,670,344,155,54,57,19,-29,-4,-303,-229,71,197,300,424,504,691,750,816,638,1196,1450,995,1046,712,329
202101,99,14,10,2,8,286,474,931,1503,870,701,755,763,934,839,1008,1146,1380,1372,824,649,994,450,289,442,142,65,37,41,429,458,542,1226,910,903,898,1094,1332,1407,1680,1968,2180,2596,2204,1625,1914,1099,634,343,128,55,35,33,143,-16,-389,-277,40,202,143,331,398,568,672,822,800,1224,1380,976,920,649,345
202102,99,21,9,3,21,383,449,924,1481,847,719,731,825,914,843,871,1150,1371,1331,892,724,873,635,349,431,184,72,44,28,373,349,520,1123,764,829,951,1143,1341,1409,1663,1928,2062,2426,2206,1588,1808,1525,740,332,163,63,41,7,-10,-100,-404,-358,-83,110,220,318,427,566,792,778,691,1095,1314,864,935,890,391
